{
  "description": "D-criterion det(MᵀM) & D-efficiency (q=5, p=15).",
  "engine": "R-base",
  "r_reference": "det(t(M)%*%M); (det(t(M)%*%M))^(1/p)/n",
  "tol": "d_optimality",
  "inputs": {
    "X": [
      [
        1.0,
        0.0,
        0.0,
        0.0,
        0.0
      ],
      [
        0.0,
        1.0,
        0.0,
        0.0,
        0.0
      ],
      [
        0.0,
        0.0,
        1.0,
        0.0,
        0.0
      ],
      [
        0.0,
        0.0,
        0.0,
        1.0,
        0.0
      ],
      [
        0.0,
        0.0,
        0.0,
        0.0,
        1.0
      ],
      [
        0.5,
        0.5,
        0.0,
        0.0,
        0.0
      ],
      [
        0.5,
        0.0,
        0.5,
        0.0,
        0.0
      ],
      [
        0.5,
        0.0,
        0.0,
        0.5,
        0.0
      ],
      [
        0.5,
        0.0,
        0.0,
        0.0,
        0.5
      ],
      [
        0.0,
        0.5,
        0.5,
        0.0,
        0.0
      ],
      [
        0.0,
        0.5,
        0.0,
        0.5,
        0.0
      ],
      [
        0.0,
        0.5,
        0.0,
        0.0,
        0.5
      ],
      [
        0.0,
        0.0,
        0.5,
        0.5,
        0.0
      ],
      [
        0.0,
        0.0,
        0.5,
        0.0,
        0.5
      ],
      [
        0.0,
        0.0,
        0.0,
        0.5,
        0.5
      ],
      [
        0.2,
        0.2,
        0.2,
        0.2,
        0.2
      ],
      [
        0.17909124448792516,
        0.024042784458799853,
        0.03551995622369451,
        0.27199135450608863,
        0.4893546603234919
      ],
      [
        0.10194326965340529,
        0.2262748376234606,
        0.18928532075480914,
        0.03764143199107304,
        0.4448551399772518
      ],
      [
        0.23356160670776932,
        0.2621207366290822,
        0.4325740712651042,
        0.0009021425091657767,
        0.0708414428888785
      ],
      [
        0.5246062767886605,
        0.3608138699588317,
        0.0541541748649116,
        0.05244262845567732,
        0.00798304993191883
      ],
      [
        0.48161606020515146,
        0.25632286633996937,
        0.17462477463012419,
        0.044770929579941526,
        0.04266536924481343
      ],
      [
        0.6460444212466118,
        0.07494998398179228,
        0.07312294969584772,
        0.022357825771761295,
        0.18352481930398687
      ],
      [
        0.04317505868374472,
        0.2418883091184745,
        0.06652771518194511,
        0.528589160622669,
        0.11981975639316665
      ],
      [
        0.15208254153203996,
        0.011718932862543281,
        0.013786788466456723,
        0.02338120976708364,
        0.7990305273718764
      ],
      [
        0.31279502452731184,
        0.43143909817562126,
        0.03353797817591558,
        0.055761581636345287,
        0.16646631748480606
      ],
      [
        0.05678352933117868,
        0.006906212554125372,
        0.8311921563985357,
        0.01024852021020919,
        0.09486958150595105
      ],
      [
        0.02854604923863792,
        0.2001862273836605,
        0.30762236632007756,
        0.38119245443353705,
        0.08245290262408704
      ],
      [
        0.2488203943383687,
        0.0114940859190267,
        0.182376198030369,
        0.07834355212218577,
        0.47896576959004983
      ],
      [
        0.006001287227196296,
        0.07134064125153218,
        0.6308531534194349,
        0.2858171122254358,
        0.005987805876400925
      ],
      [
        0.14377280604456716,
        0.03233312779550322,
        0.001386774260464896,
        0.4798769221456904,
        0.3426303697537743
      ]
    ],
    "model": "quadratic"
  },
  "expected": {
    "d_criterion": 9.04166046461349e-11,
    "d_efficiency": 0.00713337887920369
  }
}