{
  "description": "Scheffe quadratic OLS (q=5, p=15) vs R lm.",
  "engine": "R-base",
  "r_reference": "df <- data.frame(y, M)  # M = 15 Scheffe terms\nfit <- lm(y ~ . - 1, data=df); coef(fit)",
  "tol": "scheffe_coef",
  "inputs": {
    "X": [
      [
        1.0,
        0.0,
        0.0,
        0.0,
        0.0
      ],
      [
        0.0,
        1.0,
        0.0,
        0.0,
        0.0
      ],
      [
        0.0,
        0.0,
        1.0,
        0.0,
        0.0
      ],
      [
        0.0,
        0.0,
        0.0,
        1.0,
        0.0
      ],
      [
        0.0,
        0.0,
        0.0,
        0.0,
        1.0
      ],
      [
        0.5,
        0.5,
        0.0,
        0.0,
        0.0
      ],
      [
        0.5,
        0.0,
        0.5,
        0.0,
        0.0
      ],
      [
        0.5,
        0.0,
        0.0,
        0.5,
        0.0
      ],
      [
        0.5,
        0.0,
        0.0,
        0.0,
        0.5
      ],
      [
        0.0,
        0.5,
        0.5,
        0.0,
        0.0
      ],
      [
        0.0,
        0.5,
        0.0,
        0.5,
        0.0
      ],
      [
        0.0,
        0.5,
        0.0,
        0.0,
        0.5
      ],
      [
        0.0,
        0.0,
        0.5,
        0.5,
        0.0
      ],
      [
        0.0,
        0.0,
        0.5,
        0.0,
        0.5
      ],
      [
        0.0,
        0.0,
        0.0,
        0.5,
        0.5
      ],
      [
        0.2,
        0.2,
        0.2,
        0.2,
        0.2
      ],
      [
        0.17909124448792516,
        0.024042784458799853,
        0.03551995622369451,
        0.27199135450608863,
        0.4893546603234919
      ],
      [
        0.10194326965340529,
        0.2262748376234606,
        0.18928532075480914,
        0.03764143199107304,
        0.4448551399772518
      ],
      [
        0.23356160670776932,
        0.2621207366290822,
        0.4325740712651042,
        0.0009021425091657767,
        0.0708414428888785
      ],
      [
        0.5246062767886605,
        0.3608138699588317,
        0.0541541748649116,
        0.05244262845567732,
        0.00798304993191883
      ],
      [
        0.48161606020515146,
        0.25632286633996937,
        0.17462477463012419,
        0.044770929579941526,
        0.04266536924481343
      ],
      [
        0.6460444212466118,
        0.07494998398179228,
        0.07312294969584772,
        0.022357825771761295,
        0.18352481930398687
      ],
      [
        0.04317505868374472,
        0.2418883091184745,
        0.06652771518194511,
        0.528589160622669,
        0.11981975639316665
      ],
      [
        0.15208254153203996,
        0.011718932862543281,
        0.013786788466456723,
        0.02338120976708364,
        0.7990305273718764
      ],
      [
        0.31279502452731184,
        0.43143909817562126,
        0.03353797817591558,
        0.055761581636345287,
        0.16646631748480606
      ],
      [
        0.05678352933117868,
        0.006906212554125372,
        0.8311921563985357,
        0.01024852021020919,
        0.09486958150595105
      ],
      [
        0.02854604923863792,
        0.2001862273836605,
        0.30762236632007756,
        0.38119245443353705,
        0.08245290262408704
      ],
      [
        0.2488203943383687,
        0.0114940859190267,
        0.182376198030369,
        0.07834355212218577,
        0.47896576959004983
      ],
      [
        0.006001287227196296,
        0.07134064125153218,
        0.6308531534194349,
        0.2858171122254358,
        0.005987805876400925
      ],
      [
        0.14377280604456716,
        0.03233312779550322,
        0.001386774260464896,
        0.4798769221456904,
        0.3426303697537743
      ]
    ],
    "y": [
      10.129581240834638,
      12.093864158876059,
      7.871395877851832,
      8.764348270298974,
      10.971061918620947,
      12.240691679238658,
      8.516716762580646,
      10.181660280657582,
      10.819312885969108,
      9.820006934987669,
      11.496567963179954,
      11.205936499214575,
      8.787607071759632,
      8.427086242006185,
      10.165996287560965,
      10.257501822539039,
      10.086826811555467,
      10.06373139216968,
      9.65566642784835,
      11.135102404254917,
      10.236476928768722,
      10.281388756791555,
      10.166554488772546,
      10.841457974574254,
      11.460771421405406,
      7.992309835296572,
      9.563074691472934,
      9.728854156352062,
      9.043682388573867,
      10.186210342712876
    ],
    "model": "quadratic"
  },
  "expected": {
    "coefficients": [
      10.1190877488881,
      12.158685369318,
      7.9705200530477,
      8.78687797095912,
      11.0032667353693,
      3.37150936280298,
      -2.32043187509552,
      2.52527430373785,
      0.615676903481419,
      -0.966100516701508,
      3.44050690057857,
      -1.61260070740529,
      1.7286003426915,
      -4.30130418326096,
      0.378630016061531
    ],
    "fitted": [
      10.1190877488881,
      12.158685369318,
      7.97052005304771,
      8.78687797095911,
      11.0032667353693,
      11.9817638998038,
      8.46469593219403,
      10.0843014358581,
      10.7150964679991,
      9.82307758200749,
      11.3329083952832,
      11.1778258754923,
      8.81084909767628,
      8.41156734839326,
      9.98972985717959,
      10.1220779973921,
      10.3338910718496,
      10.0697655215144,
      9.49863155614658,
      11.3649376578723,
      10.4937238792532,
      10.3353814604827,
      10.3887137638126,
      10.8195784429972,
      11.442352456639,
      7.98367380530681,
      9.74126609949194,
      9.75212284880141,
      8.85276755731537,
      10.1623060283811
    ],
    "r2": 0.986044386638068,
    "adj_r2": 0.973019147500264,
    "rmse": 0.184528182301957
  }
}